001122356
001112555
001122356
011245666
001124466
011114466
011114466
001124466
011245666
001122356
001112555
001122356
011114466
001124466
011245666
011245666
001124466
011114466
001122356
001112555
001122356
001122356
001122356
001112555
012356666
012356666
012356666
012356666
001124466
011245666
011114466
011114466
011245666
001124466
011114466
011245666
001124466
001124466
011245666
011114466
001122356
001112555
001122356
001112555
001122356
001122356
012356666
012356666
012356666
012356666
001124466
011114466
011245666
011245666
011114466
001124466
012356666
012356666
011245666
011114466
001124466
001124466
011114466
011245666
012356666
012356666
