101220635
110125055
126023105
160246516
161240406
101146416
114041166
124640106
125641066
162150032
101055152
110653202
141166014
142160604
152066614
106561264
116460204
110461164
203216015
215110505
220011365
202356011
230051261
251550101
361656206
362650166
316260665
326166605
460214016
461215606
401114616
416011146
426610156
420611046
461164011
462165601
406061241
402064611
416660251
410661141
563110022
505011512
510612302
550521011
501320621
536022101
566631026
560632616
566062613
506661623
640116024
641110614
651016624
606512164
616411104
610412064
620136665
616236065
660146521
661140411
604042161
601046421
614641101
615642061
661056263
602656163
