115123205
112120535
136541666
156346616
162241366
104142156
106144636
116043646
111045426
123646216
151250132
121553102
132261664
140165124
163666514
165661364
160663144
161664034
111462054
126366214
210112355
213115025
264136004
265130664
216636504
210630464
261540663
201446603
246040163
256646103
201355121
231052151
316624004
310625664
366126054
360120644
361040642
366045162
301646652
306644102
451316666
466213126
405111246
403116466
412014516
414016366
421612636
436516166
450621663
466526013
400426613
446021063
466031562
464036012
405636612
400631462
450264111
466162231
463166561
415666361
412663621
421561041
430466161
441366061
553211012
520511312
502321511
535021211
621312664
636216124
642111504
663610414
664611304
666613154
661615634
615410214
624540111
636441601
646340611
651241401
663142261
666145631
612646321
616643651
