011122355
011122355
113456666
113456666
112234666
011124456
011344666
011344666
011124456
112234666
011122355
011122355
112234666
011124456
113456666
113456666
011344666
011344666
011124456
112234666
011122355
011122355
001234466
012345666
012345666
001234466
012345666
001234466
001234466
012345666
011122355
011122355
001234466
012345666
012345666
001234466
001234466
012345666
012345666
001234466
113456666
112234666
011124456
011344666
011124456
011344666
112234666
113456666
012345666
012345666
001234466
001234466
012345666
001234466
012345666
001234466
011124456
112234666
113456666
113456666
112234666
011124456
011344666
011344666
011122355
011122355
011122355
011122355
112234666
112234666
011124456
011344666
011344666
113456666
113456666
011124456
011124456
011344666
011344666
011124456
112234666
113456666
112234666
113456666
