130623005
160320035
116124165
111126645
103141266
100145526
115042056
112046316
161156142
103050632
106053302
111654162
130266114
151065024
100562154
121361064
263310005
216111465
214116615
230610305
206030564
205036604
260546003
250640063
261456111
203350601
236050301
241651161
306025064
300026654
360046052
300645062
351050266
302556106
315266005
320160565
406112136
402115506
415010256
411013626
456620003
460520603
465030602
406630502
451265001
460163121
411662031
420560151
564111612
500013362
503016032
516611412
546621111
561421611
500326031
530023061
556032016
500531626
565061023
500662513
626310114
631211604
652010514
605511204
626135005
610230655
625541001
650240511
662141301
613640211
662050153
601655203
