000123356
000123356
111124566
111124566
011123466
001124556
001124556
011123466
111124566
000123356
000123356
111124566
011123466
001124556
001124556
011123466
000123356
111124566
111124566
000123356
000234566
000234566
000234566
000234566
111124566
000123356
000123356
111124566
000234566
000234566
000234566
000234566
001235566
001235566
001235566
001235566
011123466
001124556
001124556
011123466
000234566
000234566
000234566
000234566
001124556
011123466
011123466
001124556
111124566
000123356
000123356
111124566
111124566
111124566
000123356
000123356
001235566
001235566
001235566
001235566
011123466
011123466
001124556
001124556
001235566
001235566
001124556
001124556
011123466
011123466
001235566
001235566
