136622115
140522015
150421025
161321625
106225155
102221525
125022215
121025655
135540006
146440606
150340506
166245626
126642656
152251022
163151622
160155252
104051522
105052412
116652312
112655052
120552212
153060504
164660404
166662254
162665624
105560304
262316115
202215125
205211565
221012255
225016515
231611265
241510205
252410105
212255021
213256611
214250501
226151361
220152251
225150401
250556211
252551061
350056306
303550066
330066505
305360065
450315006
462216566
425616266
430510056
440416066
452266661
405060351
403065501
404066461
426566261
552210122
565112502
562116132
501014252
502015142
515610522
511613262
521512202
556520121
551522601
510225041
511226631
512220521
525122201
526123161
520124051
550033606
506530036
560063503
505660033
650015034
662616524
665612264
660614044
600513054
630035605
606330055
626542661
656246621
605043051
606044641
600045531
660055303
603650053
