111223566
001122455
001122455
111223566
011225556
011222255
011222255
011225556
000134556
001444666
000134556
122456666
122456666
011222255
111223566
011225556
001122455
001122455
111223566
011225556
011222255
000134556
001444666
122456666
122456666
000134556
111223566
011222255
011225556
011222255
011225556
111223566
001122455
001122455
011222255
111223566
001122455
111223566
011222255
001122455
011225556
011225556
000335566
000335566
000335566
000335566
000134556
122456666
122456666
000134556
001444666
122456666
000134556
000134556
001444666
122456666
011222255
011225556
111223566
001122455
001122455
011225556
111223566
011222255
011225556
011225556
001122455
111223566
011222255
011222255
111223566
001122455
000335566
000335566
000335566
000335566
000134556
122456666
122456666
001444666
000134556
000335566
000335566
122456666
122456666
000134556
001444666
000134556
000335566
000335566
